3650000 0.955300 61.776300 10000 0.940600 77.167000 29929
4050000 0.955700 59.641800 10000 0.938800 78.503800 29098
4250000 0.957140 56.538200 10000 0.942200 75.317700 28432
4900000 0.956900 56.370800 10000 0.941900 72.358900 26207
4450000 0.956600 58.138400 10000 0.939000 73.493900 27863
3950000 0.955920 59.980000 10000 0.942800 75.711200 29090
4150000 0.955540 58.693000 10000 0.939900 75.097200 28627
3950000 0.956200 61.419800 10000 0.939600 74.497100 29223
3700000 0.955900 62.251200 10000 0.938200 76.425400 29727
4900000 0.957260 55.812900 10000 0.937800 68.252300 26502
