4600000 0.938180 87.065692 10000 0.925000 99.282244 30957
5000000 0.935780 88.473614 10000 0.923600 103.020735 31007
4700000 0.940700 83.699425 10000 0.924100 99.944277 30840
4800000 0.937480 85.391136 10000 0.919200 102.195411 30810
4950000 0.936340 89.359576 10000 0.919800 110.087450 31025
4850000 0.939780 86.791756 10000 0.926300 100.700365 30856
4800000 0.939220 85.097631 10000 0.922300 96.261233 30942
5000000 0.938980 86.429272 10000 0.926300 95.461949 31050
4700000 0.938580 85.771743 10000 0.921900 103.106224 30885
5000000 0.939420 84.470174 10000 0.925100 96.915157 30896
